2 0.9533194261455131 0.7911725955204215 0.02539107430411779 0.040843214756258135
5 0.1356114195788109 0.32674571805006586 0.06347768576029449 0.06851119894598155
2 0.08656048058221971 0.22200263504611328 0.03693247171508042 0.030303030303030328
1 0.12176174268565573 0.12252964426877469 0.02654521404521406 0.02635046113306984
10 0.19966617520965343 0.061264822134387345 0.030007633268502865 0.030303030303030304
1 0.5032049271179705 0.3155467720685112 0.02308279482192513 0.02766798418972335
2 0.3918304421021812 0.27206851119894604 0.03347005249179162 0.03820816864295128
7 0.623235460191982 0.08102766798418973 0.03462419223288798 0.03820816864295127
12 0.6393934165673296 0.047430830039525695 0.02077451533973272 0.03162055335968379
12 0.6786341677646025 0.13306982872200263 0.02308279482192511 0.02898550724637681
1 0.6318915082502043 0.18774703557312253 0.019620375598636247 0.025032938076416343
1 0.632468578120752 0.21409749670619235 0.023082794821925302 0.025032938076416333
4 0.29545977372064336 0.28919631093544135 0.03924075119727295 0.04084321475625819
4 0.2741081885103624 0.31488801054018456 0.03577833197398419 0.042160737812911735
4 0.24756297446514833 0.33465085638998693 0.03347005249179158 0.04479578392621881
