6 0.9804618117229134 0.09167361438358645 0.028419182948490593 0.13241744299851377
6 0.9293960923623446 0.6353490774640228 0.027531083481349992 0.08403414651828761
6 0.02930728241563055 0.0713017000761228 0.035523978685612786 0.06620872149925688
6 0.3352575488454701 0.9192826331242975 0.036412078152753075 0.10185957153731846
10 0.22824156305506216 0.518210570196107 0.019538188277087053 0.04329031790336039
1 0.22291296625222012 0.5436754630804362 0.014209591474245099 0.043290317903360104
1 0.2384547069271759 0.5347627505709217 0.011545293072824137 0.040743828614927494
12 0.2446714031971581 0.5984249827817453 0.020426287744227358 0.03565085003806132
12 0.19849023090586143 0.558954398811034 0.011545293072824057 0.048383296480226254
1 0.2091474245115453 0.7588538079530212 0.015097690941385432 0.04583680719179326
4 0.40763765541740676 0.6035179613586112 0.03730017761989344 0.08658063580672053
4 0.4049733570159856 0.5220303041287564 0.037300177619893335 0.07639467865298877
4 0.39964476021314377 0.44181589154311807 0.037300177619893446 0.08403414651828756
4 0.3929840142095915 0.36287472360169654 0.03818827708703378 0.07894116794142178
4 0.386323268206039 0.2864800449487077 0.03730017761989355 0.07894116794142168
4 0.3796625222024865 0.210085366295719 0.036412078152753144 0.08403414651828758
4 0.3725577264653642 0.13241744299851374 0.03641207815275304 0.08658063580672044
4 0.3627886323268207 0.054749519701308584 0.034635879218472554 0.07894116794142167
4 0.3490230905861456 0.012732446442164792 0.030195381882770888 0.025464892884329585
0 0.21714031971580827 0.630256098887157 0.03285968028419192 0.09422010367201937
