0 0.6117014081966965 0.6587615283267457 0.036730338598415936 0.052700922266139684
12 0.7195379151074305 0.5191040843214754 0.02260328529133274 0.031620553359683674
1 0.6432518272491821 0.7674571805006581 0.018836071076110496 0.03030303030303043
1 0.5745001678213776 0.8030303030303029 0.01883607107611069 0.030303030303030415
12 0.472314482233477 0.7101449275362317 0.021661481737527383 0.03425559947299092
10 0.20295866584509334 0.55862977602108 0.027312303060360574 0.02898550724637685
7 0.23215457601306497 0.78129117259552 0.03296312438319381 0.044795783926218774
1 0.17235005034641332 0.77931488801054 0.018836071076110746 0.03030303030303031
1 0.17140824679260785 0.895915678524374 0.022603285291332896 0.02635046113306989
10 0.15304307749339985 0.7826086956521737 0.025428695952749505 0.03689064558629786
12 0.06262993632806822 0.8122529644268777 0.019777874629916276 0.03557312252964437
12 0.10077298025719247 0.8214756258234516 0.01695246396849966 0.035573122529643876
12 0.12243446199471986 0.8689064558629772 0.018836071076110752 0.022397891963109474
1 0.13609061352490018 0.8596837944664031 0.021661481737527345 0.02239789196310929
0 0.12714347976374754 0.8300395256916996 0.03390492793699936 0.04743083003952562
4 0.1803553805537604 0.6488801054018444 0.036730338598415964 0.051383399209486
4 0.15492668460101083 0.6673254281949932 0.031079517275582735 0.0540184453227934
4 0.12573077443303926 0.6844532279314888 0.03107951727558275 0.054018445322793124
7 0.9804174995115639 0.04874835309617916 0.03202132082938803 0.044795783926218705
