0 0.15005979527718655 0.12845849802371542 0.05895206243032331 0.05665349143610012
12 0.29810986115333965 0.08563899868247693 0.0415344076213642 0.028985507246376788
10 0.6565116043376916 0.08761528326745724 0.04019458802067479 0.043478260869565244
1 0.7281919529745617 0.4433465085638999 0.0334954900172292 0.03030303030303031
12 0.702065470761123 0.5164690382081686 0.03215567041653991 0.03952569169960465
2 0.2739931083409345 0.3873517786561264 0.05493260362825585 0.034255599472990776
0 0.6759389885476841 0.619894598155468 0.05761224282963414 0.056653491436100385
2 0.47898550724637695 0.9354413702239789 0.03885476841998582 0.05006587615283262
1 0.6846478159521638 0.7753623188405797 0.029476031215161666 0.03557312252964417
10 0.7141238471673256 0.8076416337285903 0.03483530961791843 0.03689064558629766
12 0.774415729198338 0.7529644268774706 0.03483530961791843 0.032938076416337336
1 0.8005422114117767 0.7635046113306982 0.030815850815850806 0.02766798418972325
7 0.8253288740245259 0.7839262187088275 0.05091314482618823 0.05270092226613971
