2 0.04440497335701599 0.3806303100529653 0.014209591474245132 0.0441032601068927
2 0.41119005328596797 0.22147506705852632 0.01420959147424516 0.036433127914389615
2 0.5275310834813497 0.36433127914389624 0.015985790408525657 0.0345155948662639
3 0.4604795737122558 0.07766008844909365 0.02042628774422731 0.05944352449189883
4 0.8334813499111902 0.08916528673784826 0.01865008880994675 0.04026819401064116
4 0.8725577264653641 0.15052634427787293 0.01865008880994675 0.04026819401064116
4 0.05950266429840141 0.6145693419243091 0.017761989342806386 0.04026819401064117
7 0.13854351687388994 0.6452498706943213 0.014209591474245185 0.021092863529383478
7 0.2793072824156306 0.748796655293113 0.01154529307282421 0.02492792962563499
5 0.302397868561279 0.5982703110152398 0.015097690941385382 0.03835066096251544
5 0.3730017761989343 0.6730540998921447 0.01776198934280633 0.0383506609625154
2 0.4347246891651867 0.8628898716565963 0.013321492007104746 0.04602079315501851
1 0.385879218472469 0.5810125135821079 0.015097690941385451 0.038350660962515375
7 0.38543516873889894 0.5206102225661463 0.014209591474245095 0.02492792962563503
4 0.7788632326820604 0.9415087266297527 0.02664298401420945 0.057525991443772975
2 0.9413854351687388 0.9204158631003694 0.019538188277087018 0.026845462673760777
