12 0.5432955191736148 0.0935441370223975 0.016575117534110315 0.028985507246376
7 0.9834569736905425 0.12252964426877463 0.023941836438159714 0.034255599472990776
12 0.4687074902701189 0.40645586297760167 0.020258476986134998 0.022397891963108554
7 0.7035216553366795 0.4084321475625823 0.02394183643815971 0.034255599472990776
7 0.6933924168436124 0.8287220026350461 0.023941836438159714 0.034255599472990776
7 0.8867687880748981 0.8768115942028989 0.023941836438159704 0.032938076416337315
2 0.5175120030094438 0.20882740447957843 0.02025847698613474 0.040843214756258316
1 0.7514053282130003 0.5441370223978922 0.01289175808208552 0.021080368906455916
1 0.6795798188985236 0.6508563899868247 0.014733437808097816 0.018445322793148918
1 0.6616234415699043 0.8010540184453226 0.013812597945091688 0.018445322793148918
2 0.08287558767055148 0.422266139657444 0.03315023506822059 0.02766798418972329
1 0.06814214986245344 0.16139657444005273 0.016575117534110277 0.025032938076416315
4 0.9259044822526618 0.7490118577075097 0.028546035753189803 0.032938076416337274
4 0.9369545606087353 0.7766798418972329 0.028546035753189803 0.032938076416337274
4 0.9443212795127842 0.8030303030303027 0.028546035753189803 0.032938076416337274
4 0.9512275784853305 0.8346508563899866 0.02946687561619572 0.03293807641633726
4 0.9558317778003611 0.8636363636363636 0.02946687561619572 0.030303030303029676
4 0.954910937937355 0.893939393939394 0.02946687561619572 0.030303030303029676
4 0.9512275784853305 0.922924901185771 0.02946687561619572 0.030303030303029676
4 0.9429400197182752 0.9532279314888013 0.02946687561619572 0.030303030303029676
4 0.9314295214306982 0.9795783926218716 0.026704356027177644 0.030303030303029704
7 0.7357510505418943 0.13570487483530955 0.023941836438159714 0.034255599472990776
