2 0.9966460000361252 0.7540584415584416 0.0067079999277494225 0.0535714285714286
1 0.9906266369235772 0.7946428571428572 0.017769087657822098 0.030844155844155664
6 0.5646127603272943 0.8814935064935068 0.02043445080649536 0.06493506493506487
6 0.4984229088019073 0.8246753246753247 0.023099813955168663 0.06168831168831175
5 0.45222328089157016 0.792207792207792 0.04975344544190165 0.07792207792207788
1 0.3100705796289941 0.6550324675324675 0.019545996423604207 0.030844155844155802
12 0.2349961842746961 0.573051948051948 0.0239882683380597 0.029220779220779248
10 0.10083957245813992 0.8538961038961039 0.0168806332749309 0.03571428571428569
9 0.23277504831746834 0.9569805194805189 0.03376126654986184 0.06006493506493495
4 0.4348984204251938 0.3855519480519481 0.036426629698534926 0.05032467532467526
4 0.4282350125535105 0.4318181818181819 0.03553817531564405 0.048701298701298655
4 0.4251254222133917 0.4813311688311683 0.03642662969853521 0.05357142857142871
3 0.029318994635406322 0.6655844155844154 0.02665363148673302 0.038961038961038946
3 0.9253252397810815 0.09983766233766234 0.027542085869624075 0.04707792207792206
