7 0.016876602230998405 0.027385159010600707 0.024870782235155545 0.05123674911660778
9 0.07105937781473012 0.0627208480565371 0.026647266680523796 0.05123674911660778
2 0.3042229612693134 0.32685512367491165 0.027535508903207995 0.04240282685512366
5 0.3273172590591007 0.9240282685512367 0.04707683780225878 0.09540636042402842
1 0.44500935356474736 0.4452296819787985 0.017764844453682562 0.035335689045936425
12 0.5267276380516873 0.3109540636042402 0.015988360008314283 0.042402826855123615
12 0.9712928705050925 0.04593639575971732 0.01687660223099843 0.038869257950530034
2 0.7971973948590038 0.5759717314487632 0.02753550890320796 0.038869257950529854
7 0.8509360493313929 0.5326855123674913 0.026647266680523873 0.05123674911660781
9 0.8251770248735536 0.6863957597173145 0.028423751125892096 0.058303886925795044
7 0.5258393958290029 0.8295053003533569 0.0248707822351556 0.051236749116607715
7 0.739461650384535 0.929328621908127 0.025759024457839615 0.053003533568904214
2 0.6835023903554353 0.842756183745583 0.018653086676366542 0.06713780918727907
9 0.6626286981223584 0.8524734982332159 0.019541328899050615 0.04063604240282673
