7 0.05466290329983019 0.09999999999999996 0.031108969357626904 0.08641975308641973
7 0.3719743907476248 0.11358024691358025 0.0257760031820338 0.06913580246913578
6 0.8252765156730463 0.28148148148148133 0.027553658573898 0.12345679012345678
6 0.9697110162620283 0.17530864197530868 0.03733076322915238 0.05925925925925924
2 0.9350467361206727 0.43580246913580245 0.02133186470237249 0.08641975308641973
9 0.6501774595744031 0.6432098765432097 0.032886624749491535 0.09135802469135801
10 0.5226306852081324 0.8432098765432104 0.01422124313491522 0.061728395061728225
6 0.5221862713601665 0.7580246913580249 0.027553658573898073 0.1037037037037038
6 0.868829072773724 0.688888888888889 0.03821959092508477 0.05925925925925924
1 0.03155338320559302 0.32592592592592595 0.01688772622271176 0.044444444444444516
6 0.2724256888032185 0.4098765432098769 0.03821959092508458 0.07407407407407413
5 0.2550935487325408 0.4827160493827162 0.04444138479660988 0.12592592592592605
6 0.07243945721847414 0.882716049382716 0.022220692398304973 0.10617283950617269
12 0.032442210901525236 0.7691358024691355 0.023998347790169343 0.08148148148148145
