1 0.9549049328668512 0.01480959097320169 0.0207489971241735 0.02961918194640338
2 0.7735767406077705 0.09732016925246827 0.04240012455809349 0.05077574047954865
2 0.6513380836370967 0.32510578279266567 0.034280951770373706 0.04654442877291959
5 0.4221969849614427 0.34696755994358247 0.0667576429212537 0.10155148095909725
7 0.21425594856483432 0.4097320169252467 0.03518308208012006 0.05500705218617769
1 0.11998333119630726 0.4739069111424542 0.0216511274339201 0.033850493653032485
1 0.6513380836370964 0.5232722143864598 0.023455388053413486 0.031029619181946445
12 0.22688577290128775 0.6784203102961919 0.027966039602146785 0.02820874471086043
9 0.5309036872859161 0.856135401974612 0.033378821460627005 0.05359661495063514
6 0.5827761800963495 0.9358251057827914 0.03788947300935996 0.0973201692524679
6 0.5101546901617412 0.7799717912552896 0.07307255508948024 0.07898448519040807
6 0.43302254867840206 0.7813822284908319 0.07036616416024044 0.056417489421720445
6 0.49572060520579575 0.6847672778561348 0.08028959756745374 0.06629055007052183
6 0.4506140897184621 0.5543018335684061 0.062246991372520315 0.07616361071932296
12 0.3062732401589947 0.53737658674189 0.018944736504680107 0.042313117066290526
12 0.3491244298719616 0.5352609308885753 0.02165112743392015 0.04090267983074757
10 0.34912442987196146 0.5853314527503524 0.028868169911893404 0.033850493653032165
10 0.32882649790266155 0.578984485190409 0.01894473650468008 0.04372355430183348
10 0.32882649790266155 0.6135401974612129 0.0297703002216402 0.03385049365303259
10 0.35498827688531503 0.6227080394922425 0.02977030022164021 0.02961918194640335
10 0.36671597091202185 0.5578279266572634 0.018944736504680128 0.04654442877291949
10 0.3739330133899951 0.5952045133991539 0.02616177898265348 0.0366713681241185
10 0.38475857710695494 0.6354019746121297 0.03157456084113365 0.032440056417489246
0 0.35183082080120154 0.5909732016925242 0.04149799424834701 0.05923836389280691
