7 0.05106828655215753 0.44873949579831895 0.02042731462086299 0.036974789915966234
7 0.09103477167993297 0.511764705882353 0.020427314620863012 0.03865546218487395
7 0.18428990364474246 0.4159663865546219 0.020427314620862988 0.03865546218487391
1 0.17896103896103888 0.5806722689075633 0.015098449937159595 0.025210084033613852
12 0.3987767071638038 0.30840336134453783 0.012434017595307743 0.03193277310924364
7 0.32328445747800594 0.8739495798319328 0.019539170506912458 0.03697478991596653
12 0.4729367406786762 0.8840336134453781 0.009769585253456227 0.026890756302521055
2 0.5746292417260159 0.9268907563025209 0.021315458734813574 0.025210084033613356
2 0.8224214495182238 0.5882352941176471 0.019539170506912455 0.026890756302521055
7 0.7837871805613742 0.6621848739495797 0.020427314620863085 0.036974789915966394
1 0.8019941348973609 0.6294117647058823 0.014210305823209098 0.02184873949579831
7 0.6661080854629243 0.2042016806722689 0.019539170506912455 0.0352941176470588
7 0.6256975282781735 0.9243697478991596 0.020427314620862943 0.036974789915966255
5 0.9787348135735229 0.1319327731092437 0.035525764558022366 0.06890756302521003
5 0.7700209467951399 0.9596638655462185 0.03552576455802235 0.06722689075630259
