3 0.16785079928952043 0.2924617766807639 0.02131438721136768 0.04555479387550843
3 0.18428063943161646 0.31250588598598755 0.020426287744227375 0.04919917738554911
3 0.20159857904085265 0.32890561178117045 0.019538188277087053 0.04919917738554911
2 0.04218472468916519 0.37992698092173993 0.018650088809946678 0.03826602685542702
2 0.39031971580817026 0.5111247872832038 0.018650088809946622 0.03462164334538624
2 0.43383658969804556 0.9083625898776378 0.02220248667850798 0.030977259835346115
2 0.36900532859680285 0.87009656302221 0.016873889875666008 0.04919917738554915
1 0.30506216696269983 0.7434542360482967 0.015097690941385435 0.025510684570284704
6 0.269538188277087 0.9475397126105743 0.0204262877442274 0.040088218610447424
2 0.6807282415630549 0.7124769762129509 0.022202486678508077 0.02915506808032533
2 0.9604795737122551 0.9548284796306548 0.02042628774422764 0.032799451590365986
7 0.6904973357015985 0.6423225936446684 0.02042628774422743 0.04191041036546778
3 0.7815275310834818 0.33619437880125164 0.02486678507992874 0.03826602685542706
3 0.790408525754885 0.3726382139016583 0.02486678507992874 0.03826602685542706
6 0.7020426287744228 0.07653205371085409 0.020426287744227237 0.04008821861044738
